NVERTS 4
NFACES 4

VERTEX
1.00000, -1.00000, 0.00000
1.00000, 1.00000, 0.00000
-1.00000, 1.00000, 0.00000
-1.00000, -1.00000, 0.00000

FACES
1,0,0,	-0.00000,-0.00000,1.00000,	3,	0,3,2
1,0,0,	-0.00000,-0.00000,1.00000,	3,	0,2,1
1,0,0,	-0.00000,-0.00000,-1.00000,	3,	1,2,3
1,0,0,	0.00000,-0.00000,-1.00000,	3,	1,3,0

TEXTURES
sotl-exp-hyperspace.png	1.0 1.0	0.00000 1.00000	1.00000 1.00000	1.00000 0.00000
sotl-exp-hyperspace.png	1.0 1.0	0.00000 1.00000	1.00000 0.00000	0.00000 0.00000
sotl-exp-hyperspace.png	1.0 1.0	1.00000 0.00000	0.00000 0.00000	0.00000 1.00000
sotl-exp-hyperspace.png	1.0 1.0	1.00000 0.00000	0.00000 1.00000	1.00000 1.00000

END
